FilterTimeTotal[ns],BuildDelTree[ns],SearchDel[ns],Delete[ns],BuildTree[ns],SearchKNN[ns],Total[ns]
10310,0.0,8982,1328,5019,193,15522
7267,0.0,6458,809,4487,185,11939
7548,0.0,6738,810,4508,200,12256
7285,0.0,6542,743,4155,141,11581
7585,0.0,6862,723,4142,122,11849
7121,0.0,6223,898,4604,122,11847
7490,0.0,6754,736,4652,184,12326
8000,0.0,6831,1169,5179,125,13304
7425,0.0,6680,745,4950,119,12494
7206,0.0,6435,771,4890,125,12221
6963,0.0,6225,738,4829,113,11905
7594,0.0,6818,776,5284,117,12995
7430,0.0,6520,910,5189,112,12731
7231,0.0,6511,720,4825,104,12160
7586,0.0,6676,910,4798,122,12506
6921,0.0,6175,746,4414,157,11492
7379,0.0,6583,796,4253,107,11739
6937,0.0,6224,713,4749,116,11802
7219,0.0,6306,913,5042,146,12407
7494,0.0,6789,705,4805,155,12454
7395,0.0,6575,820,4512,175,12082
7026,0.0,6275,751,4365,197,11588
7138,0.0,6316,822,3973,231,11342
7242,0.0,6506,736,4558,244,12044
7114,0.0,6442,672,4158,236,11508
7357,0.0,6362,995,4009,337,11703
7185,0.0,6477,708,3790,279,11254
7338,0.0,6578,760,4066,187,11591
7865,0.0,6762,1103,3487,151,11503
7313,0.0,6607,706,3729,125,11167
6927,0.0,6080,847,4561,268,11756
8134,0.0,7300,834,4153,255,12542
7299,0.0,6497,802,4138,116,11553
6998,0.0,6234,764,3969,177,11144
7164,0.0,6446,718,3984,109,11257
7575,0.0,6862,713,4120,113,11808
7013,0.0,6247,766,4614,168,11795
8210,0.0,7422,788,4400,130,12740
7391,0.0,6646,745,3991,116,11498
7716,0.0,6925,791,4252,116,12084
7676,0.0,6727,949,4181,128,11985
6816,0.0,6070,746,4513,215,11544
10164,0.0,8944,1220,5759,154,16077
10014,0.0,8838,1176,5584,118,15716
7110,0.0,6349,761,4237,160,11507
7251,0.0,6476,775,4463,120,11834
7927,0.0,7164,763,4103,164,12194
7568,0.0,6815,753,3896,155,11619
7362,0.0,6651,711,3824,140,11326
7117,0.0,6145,972,4662,144,11923
7355,0.0,6652,703,4041,153,11549
7329,0.0,6560,769,3904,139,11372
7356,0.0,6651,705,3941,155,11452
8564,0.0,7759,805,3927,205,12696
7566,0.0,6786,780,3898,186,11650
7665,0.0,6843,822,3862,156,11683
8032,0.0,7207,825,3870,141,12043
7818,0.0,7013,805,4113,135,12066
7789,0.0,7015,774,4013,134,11936
7934,0.0,7171,763,4165,255,12354
8242,0.0,7454,788,4067,138,12447
8330,0.0,7504,826,4291,146,12767
8246,0.0,7425,821,4298,381,12925
8501,0.0,7512,989,5411,197,14109
9053,0.0,8153,900,4702,146,13901
12411,0.0,11018,1393,6231,159,18801
12131,0.0,10902,1229,6576,160,18867
12264,0.0,10950,1314,5843,140,18247
8751,0.0,7914,837,4719,137,13607
9043,0.0,7950,1093,4644,132,13819
8428,0.0,7557,871,5251,135,13814
8472,0.0,7635,837,4682,126,13280
8453,0.0,7601,852,4726,133,13312
8414,0.0,7578,836,4696,432,13542
8503,0.0,7681,822,4598,428,13529
8825,0.0,7594,1231,5045,446,14316
8435,0.0,7555,880,5063,409,13907
8560,0.0,7703,857,4899,403,13862
9236,0.0,8418,818,4927,417,14580
11647,0.0,10463,1184,6596,542,18785
12191,0.0,10895,1296,6595,532,19318
11634,0.0,10443,1191,6706,544,18884
11832,0.0,10596,1236,7106,428,19366
10189,0.0,8579,1610,5938,466,16593
9720,0.0,8372,1348,6851,476,17047
9595,0.0,8511,1084,5426,618,15639
9996,0.0,8916,1080,5527,550,16073
10790,0.0,9419,1371,6428,584,17802
9676,0.0,8540,1136,6090,502,16268
10850,0.0,9626,1224,6032,526,17408
9701,0.0,8531,1170,5889,584,16174
9626,0.0,8477,1149,6087,404,16117
9522,0.0,8355,1167,5880,429,15831
9476,0.0,8315,1161,5792,422,15690
12908,0.0,11340,1568,8469,537,21914
9748,0.0,8608,1140,5899,426,16073
8908,0.0,7798,1110,5815,421,15144
8865,0.0,7762,1103,5955,450,15270
9023,0.0,7854,1169,6092,445,15560
8796,0.0,7690,1106,6166,439,15401
9291,0.0,7915,1376,6426,463,16180
9337,0.0,8292,1045,6149,473,15959
9168,0.0,7826,1342,6861,446,16475
8801,0.0,7898,903,7194,365,16360
9173,0.0,8312,861,7267,209,16649
8972,0.0,8121,851,7328,281,16581
9089,0.0,8280,809,7849,293,17231
8812,0.0,8013,799,8116,290,17218
9667,0.0,8782,885,7716,433,17816
9735,0.0,8915,820,8822,462,19019
9002,0.0,8202,800,8680,527,18209
9073,0.0,8263,810,8292,540,17905
10363,0.0,9408,955,7684,436,18483
8801,0.0,8029,772,8322,291,17414
8934,0.0,8066,868,7866,267,17067
9088,0.0,8050,1038,7915,306,17309
8925,0.0,8020,905,8292,329,17546
8777,0.0,7868,909,8285,300,17362
8322,0.0,7532,790,8431,337,17090
8458,0.0,7632,826,8093,307,16858
9100,0.0,8092,1008,7863,306,17269
8444,0.0,7613,831,7990,316,16750
10320,0.0,9189,1131,7686,330,18336
8903,0.0,8057,846,7813,342,17058
8588,0.0,7777,811,8304,355,17247
8677,0.0,7724,953,7738,315,16730
9939,0.0,9160,779,7425,355,17719
8575,0.0,7621,954,7416,328,16319
8509,0.0,7532,977,7438,290,16237
8355,0.0,7488,867,7567,284,16206
9110,0.0,8131,979,7512,306,16928
8379,0.0,7576,803,7741,304,16424
8508,0.0,7667,841,7538,313,16359
8525,0.0,7629,896,7720,327,16572
8667,0.0,7848,819,7414,325,16406
8777,0.0,7976,801,7484,314,16575
9264,0.0,7977,1287,10655,304,20223
10678,0.0,9672,1006,9935,371,20984
12244,0.0,10489,1755,10890,303,23437
11548,0.0,9823,1725,12363,315,24226
11246,0.0,9777,1469,10710,284,22240
9391,0.0,8427,964,9904,813,20108
9312,0.0,8410,902,9715,830,19857
8938,0.0,8082,856,10165,341,19444
8846,0.0,7945,901,9753,352,18951
9230,0.0,8275,955,9551,330,19111
8900,0.0,8000,900,9328,335,18563
9507,0.0,8567,940,9415,353,19275
9400,0.0,8450,950,8957,300,18657
10145,0.0,9278,867,9530,375,20050
9914,0.0,9105,809,8186,288,18388
9227,0.0,8347,880,7885,276,17388
9662,0.0,8708,954,8588,262,18512
9369,0.0,8392,977,7383,271,17023
9499,0.0,8577,922,7322,269,17090
9609,0.0,8626,983,7109,294,17012
9526,0.0,8629,897,7022,311,16859
9218,0.0,8148,1070,7053,299,16570
9192,0.0,8279,913,6491,247,15930
9303,0.0,8291,1012,6607,291,16201
9316,0.0,8404,912,6610,308,16234
9780,0.0,8736,1044,6388,270,16438
9405,0.0,8422,983,6670,621,16696
9709,0.0,8617,1092,6157,642,16508
9114,0.0,8229,885,5955,540,15609
9228,0.0,8300,928,6890,266,16384
9414,0.0,8531,883,5777,207,15398
9097,0.0,8206,891,5653,218,14968
12551,0.0,11329,1222,7711,235,20497
13099,0.0,11772,1327,7876,226,21201
12855,0.0,11563,1292,7409,223,20487
12477,0.0,11207,1270,6882,219,19578
12543,0.0,11291,1252,7068,204,19815
12526,0.0,11202,1324,6844,212,19582
12610,0.0,11336,1274,7172,196,19978
12752,0.0,11371,1381,7049,199,20000
12310,0.0,11089,1221,6618,183,19111
12343,0.0,11101,1242,6548,175,19066
12068,0.0,10842,1226,5632,165,17865
8947,0.0,8078,869,4948,162,14057
9042,0.0,8164,878,5428,138,14608
8768,0.0,7871,897,4947,170,13885
8673,0.0,7850,823,4760,128,13561
8652,0.0,7802,850,4716,135,13503
9046,0.0,8179,867,4662,117,13825
8845,0.0,7959,886,5062,120,14027
8872,0.0,7963,909,4978,122,13972
8600,0.0,7787,813,4804,125,13529
8513,0.0,7710,803,4661,126,13300
9098,0.0,8229,869,4884,138,14120
10246,0.0,8967,1279,7159,165,17570
9368,0.0,8346,1022,5309,138,14815
9162,0.0,8316,846,5745,157,15064
9536,0.0,8419,1117,5763,262,15561
9202,0.0,8254,948,5764,235,15201
9313,0.0,8157,1156,5314,204,14831
8931,0.0,8065,866,6207,255,15393
9575,0.0,8693,882,5788,244,15607
8966,0.0,8129,837,5990,232,15188
8881,0.0,7969,912,6623,296,15800
9608,0.0,8770,838,6241,283,16132
8530,0.0,7707,823,6394,294,15218
8971,0.0,7927,1044,6349,254,15574
8737,0.0,7864,873,6665,263,15665
8629,0.0,7745,884,6580,255,15464
8630,0.0,7709,921,6352,219,15201
8443,0.0,7593,850,6354,223,15020
8618,0.0,7720,898,6503,179,15300
8758,0.0,7884,874,6117,258,15133
8557,0.0,7628,929,7177,420,16154
8700,0.0,7768,932,5796,197,14693
8878,0.0,7759,1119,5437,182,14497
9055,0.0,8102,953,5155,180,14390
8855,0.0,8038,817,4906,152,13913
8424,0.0,7551,873,5126,129,13679
12299,0.0,10964,1335,6982,153,19434
12753,0.0,11421,1332,6461,159,19373
9063,0.0,8142,921,4634,136,13833
9080,0.0,8140,940,5102,111,14293
8798,0.0,7949,849,4766,121,13685
8503,0.0,7699,804,4635,125,13263
8564,0.0,7622,942,4470,117,13151
8380,0.0,7571,809,4495,131,13006
8487,0.0,7541,946,4477,135,13099
8557,0.0,7609,948,4535,134,13226
8344,0.0,7525,819,4521,141,13006
8603,0.0,7793,810,4964,426,13993
8318,0.0,7491,827,5347,436,14101
8452,0.0,7622,830,4570,371,13393
8464,0.0,7601,863,4659,397,13520
8551,0.0,7682,869,4683,413,13647
8490,0.0,7659,831,4626,410,13526
8234,0.0,7434,800,4801,402,13437
8328,0.0,7504,824,4922,445,13695
8545,0.0,7468,1077,5089,456,14090
8500,0.0,7618,882,5528,396,14424
8669,0.0,7688,981,5199,381,14249
8873,0.0,7952,921,5558,257,14688
8601,0.0,7763,838,5516,275,14392
8464,0.0,7658,806,5616,205,14285
8821,0.0,7742,1079,5672,238,14731
8565,0.0,7743,822,5630,202,14397
8747,0.0,7941,806,5681,208,14636
8956,0.0,8089,867,5924,238,15118
8838,0.0,7955,883,5848,256,14942
8407,0.0,7585,822,5505,230,14142
8523,0.0,7682,841,5586,271,14380
8395,0.0,7551,844,5773,226,14394
8510,0.0,7557,953,6031,236,14777
8431,0.0,7627,804,5818,239,14488
8582,0.0,7730,852,6079,266,14927
8707,0.0,7878,829,6287,327,15321
8649,0.0,7804,845,6517,364,15530
8736,0.0,7736,1000,7196,458,16390
8956,0.0,8077,879,7368,383,16707
8761,0.0,7947,814,8504,379,17644
9334,0.0,8482,852,9274,366,18974
8681,0.0,7800,881,8876,368,17925
9162,0.0,8352,810,10599,450,20211
9092,0.0,8170,922,9805,363,19260
9261,0.0,8283,978,9556,262,19079
8641,0.0,7753,888,9916,244,18801
8977,0.0,7918,1059,9021,344,18342
9711,0.0,8783,928,9957,324,19992
10170,0.0,8945,1225,9651,442,20263
9504,0.0,8311,1193,10450,422,20376
9256,0.0,8339,917,9156,381,18793
9453,0.0,8185,1268,8883,404,18740
9662,0.0,8540,1122,8752,370,18784
9465,0.0,8329,1136,8993,414,18872
9299,0.0,8307,992,9142,337,18778
9169,0.0,8150,1019,8222,258,17649
8713,0.0,7887,826,8115,346,17174
8849,0.0,7985,864,7915,288,17052
8817,0.0,7932,885,8064,272,17153
8733,0.0,7905,828,7819,222,16774
9039,0.0,8207,832,7750,253,17042
8746,0.0,7896,850,8196,190,17132
8477,0.0,7606,871,7887,321,16685
8772,0.0,7910,862,9488,263,18523
9627,0.0,8791,836,8504,279,18410
9725,0.0,8738,987,9049,416,19190
9524,0.0,8498,1026,9177,391,19092
9370,0.0,8496,874,8248,408,18026
9335,0.0,8455,880,8203,376,17914
9158,0.0,8289,869,7638,357,17153
9973,0.0,8970,1003,7717,354,18044
9754,0.0,8844,910,8826,338,18918
9011,0.0,8089,922,7259,405,16675
9156,0.0,8258,898,6257,314,15727
9784,0.0,8850,934,6222,291,16297
9384,0.0,8501,883,6289,257,15930
9688,0.0,8283,1405,6435,255,16378
10609,0.0,9382,1227,6391,243,17243
9458,0.0,8529,929,6382,236,16076
9133,0.0,8200,933,6148,248,15529
9392,0.0,8460,932,6015,298,15705
10341,0.0,9081,1260,5753,281,16375
10272,0.0,9323,949,5858,326,16456
10423,0.0,9335,1088,6931,341,17695
10270,0.0,8785,1485,8687,322,19279
13882,0.0,12369,1513,9456,407,23745
13923,0.0,12475,1448,9338,376,23637
10588,0.0,9485,1103,7249,303,18140
11884,0.0,10248,1636,8155,317,20356
11018,0.0,9691,1327,8319,341,19678
15155,0.0,13588,1567,9775,348,25278
15822,0.0,14061,1761,9807,344,25973
15794,0.0,13995,1799,8030,245,24069
11405,0.0,10315,1090,6880,255,18540
15565,0.0,13868,1697,9451,316,25332
11858,0.0,10700,1158,6777,249,18884
12941,0.0,10943,1998,7046,273,20260
11143,0.0,10042,1101,7446,253,18842
11657,0.0,10503,1154,7081,269,19007
13233,0.0,12046,1187,6919,280,20432
15425,0.0,13863,1562,9618,311,25354
14787,0.0,13244,1543,8829,314,23930
14948,0.0,13372,1576,9479,301,24728
14870,0.0,13386,1484,9041,285,24196
11342,0.0,10092,1250,8329,203,19874
14822,0.0,13270,1552,9189,294,24305
10670,0.0,9632,1038,6455,208,17333
12919,0.0,11346,1573,7313,214,20446
14663,0.0,13284,1379,6879,238,21780
13722,0.0,12419,1303,6794,189,20705
11492,0.0,10260,1232,6649,168,18309
12009,0.0,10782,1227,6411,478,18898
11293,0.0,10228,1065,6788,176,18257
11380,0.0,10178,1202,6443,190,18013
11545,0.0,10397,1148,6618,187,18350
11544,0.0,10389,1155,6558,190,18292
11741,0.0,10699,1042,6297,466,18504
11120,0.0,10032,1088,7609,542,19271
11141,0.0,10059,1082,6367,479,17987
15330,0.0,13853,1477,6564,422,22316
10935,0.0,9900,1035,5324,409,16668
10635,0.0,9588,1047,5185,379,16199
12424,0.0,11389,1035,5749,421,18594
10678,0.0,9620,1058,5097,409,16184
14936,0.0,13374,1562,7481,506,22923
14928,0.0,13339,1589,7706,490,23124
14275,0.0,12786,1489,6818,191,21284
13950,0.0,12826,1124,5915,211,20076
11911,0.0,10439,1472,6469,483,18863
12257,0.0,11087,1170,5917,447,18621
12245,0.0,11200,1045,6378,403,19026
11274,0.0,10298,976,5693,383,17350
11368,0.0,10217,1151,5814,385,17567
10079,0.0,9096,983,5601,280,15960
10387,0.0,9235,1152,5483,369,16239
9644,0.0,8657,987,5277,262,15183
9810,0.0,8876,934,5417,367,15594
9237,0.0,8291,946,5810,390,15437
9174,0.0,8298,876,5986,363,15523
11056,0.0,10187,869,7656,350,19062
9890,0.0,8865,1025,8047,291,18228
9711,0.0,8659,1052,7244,387,17342
9636,0.0,8661,975,7942,361,17939
9689,0.0,8764,925,8396,320,18405
9493,0.0,8555,938,7550,315,17358
9356,0.0,8460,896,8421,339,18116
9180,0.0,8294,886,7507,272,16959
9225,0.0,8315,910,7369,267,16861
13088,0.0,11527,1561,9058,505,22651
10462,0.0,9524,938,7058,316,17836
9521,0.0,8243,1278,6512,252,16285
9353,0.0,8209,1144,5847,206,15406
9412,0.0,8290,1122,5504,246,15162
9818,0.0,8826,992,6057,222,16097
9063,0.0,8186,877,5174,185,14422
8715,0.0,7902,813,5554,218,14487
8969,0.0,8059,910,5038,254,14261
9647,0.0,8707,940,4986,228,14861
8702,0.0,7834,868,5013,165,13880
8759,0.0,7906,853,4908,157,13824
8873,0.0,8024,849,4820,165,13858
9012,0.0,8115,897,4752,180,13944
8948,0.0,8121,827,3960,131,13039
9134,0.0,8300,834,4495,162,13791
8822,0.0,7983,839,4521,300,13643
9124,0.0,8234,890,4695,306,14125
8910,0.0,8023,887,4843,345,14098
8727,0.0,7890,837,4619,182,13528
9484,0.0,8623,861,4726,143,14353
9196,0.0,8334,862,4794,129,14119
8920,0.0,8100,820,4644,130,13694
8770,0.0,7827,943,4652,162,13584
8401,0.0,7588,813,4532,135,13068
8745,0.0,7935,810,4790,145,13680
8332,0.0,7553,779,4602,150,13084
8339,0.0,7539,800,4685,247,13271
8058,0.0,7278,780,5215,290,13563
8275,0.0,7509,766,4647,457,13379
8634,0.0,7808,826,4775,534,13943
8022,0.0,7251,771,4784,530,13336
8036,0.0,7276,760,5007,445,13488
7766,0.0,7026,740,4927,344,13037
7858,0.0,7118,740,5027,301,13186
8111,0.0,7329,782,5020,263,13394
7625,0.0,6877,748,5126,212,12963
7980,0.0,7222,758,5161,204,13345
7941,0.0,7048,893,5218,204,13363
7817,0.0,7045,772,5270,181,13268
7849,0.0,7071,778,5302,171,13322
7763,0.0,6991,772,5373,199,13335
11721,0.0,10683,1038,5503,194,17418
7824,0.0,7040,784,5466,184,13474
7797,0.0,7050,747,5555,269,13621
7851,0.0,7052,799,5601,238,13690
8199,0.0,7371,828,6425,252,14876
11113,0.0,10005,1108,7637,255,19005
12135,0.0,10997,1138,7373,281,19789
9085,0.0,8226,859,7498,250,16833
11259,0.0,10258,1001,7530,295,19084
9453,0.0,8528,925,7899,322,17674
9217,0.0,8361,856,8075,356,17648
9549,0.0,8643,906,8019,249,17817
8910,0.0,8115,795,8752,401,18063
9117,0.0,8263,854,8741,382,18240
8842,0.0,7993,849,9132,364,18338
9090,0.0,8189,901,9758,499,19347
9264,0.0,8358,906,9634,327,19225
8701,0.0,7824,877,9391,301,18393
8792,0.0,7981,811,9276,320,18388
8850,0.0,8049,801,9185,297,18332
8650,0.0,7804,846,9213,355,18218
8807,0.0,7922,885,9155,322,18284
9115,0.0,8150,965,9004,299,18418
8736,0.0,7862,874,8818,263,17817
8957,0.0,8004,953,9034,302,18293
8871,0.0,7767,1104,9868,340,19079
9232,0.0,8184,1048,8718,282,18232
8791,0.0,7721,1070,8368,233,17392
8298,0.0,7481,817,8435,256,16989
8922,0.0,7940,982,9581,277,18780
8733,0.0,7883,850,8597,289,17619
8706,0.0,7878,828,8498,329,17533
8644,0.0,7777,867,8213,212,17069
8688,0.0,7830,858,8670,195,17553
8740,0.0,7938,802,8653,193,17586
9189,0.0,8353,836,8808,203,18200
8611,0.0,7804,807,8843,259,17713
8749,0.0,7923,826,8558,264,17571
9014,0.0,7971,1043,9549,304,18867
8859,0.0,7999,860,8990,387,18236
8662,0.0,7793,869,8957,402,18021
10189,0.0,9159,1030,9335,284,19808
8646,0.0,7783,863,8931,259,17836
9072,0.0,8201,871,9456,228,18756
8721,0.0,7880,841,9545,251,18517
11895,0.0,10817,1078,12660,278,24833
12414,0.0,11117,1297,12790,275,25479
11681,0.0,10639,1042,12577,358,24616
9896,0.0,8641,1255,8997,407,19300
8464,0.0,7351,1113,9147,305,17916
10164,0.0,9201,963,9697,308,20169
8618,0.0,7705,913,9797,326,18741
8910,0.0,8004,906,9327,387,18624
8754,0.0,7753,1001,8507,332,17593
8947,0.0,7767,1180,8081,342,17370
9079,0.0,8217,862,8875,316,18270
8851,0.0,7868,983,7320,278,16449
8788,0.0,7948,840,7486,272,16546
8969,0.0,7967,1002,6570,259,15798
9556,0.0,8502,1054,6667,240,16463
8731,0.0,7864,867,6427,233,15391
8785,0.0,7781,1004,6426,228,15439
8617,0.0,7795,822,5939,243,14799
8740,0.0,7818,922,5954,252,14946
8625,0.0,7775,850,6532,292,15449
12086,0.0,10892,1194,7880,335,20301
12030,0.0,10778,1252,6964,326,19320
11915,0.0,10524,1391,7290,317,19522
8954,0.0,7971,983,5509,288,14751
9477,0.0,8610,867,5209,251,14937
8535,0.0,7684,851,4924,167,13626
8828,0.0,7749,1079,4966,247,14041
9723,0.0,8668,1055,5176,142,15041
9492,0.0,8605,887,4920,157,14569
9195,0.0,8241,954,5596,157,14948
8734,0.0,7935,799,4904,127,13765
8774,0.0,7837,937,4902,134,13810
8730,0.0,7792,938,4965,138,13833
8458,0.0,7635,823,4741,142,13341
10931,0.0,10055,876,4848,229,16008
9173,0.0,8218,955,5441,215,14829
8804,0.0,7968,836,4828,175,13807
11799,0.0,10925,874,4744,185,16728
11315,0.0,10176,1139,6064,195,17574
9934,0.0,9071,863,5208,154,15296
8761,0.0,7801,960,4788,187,13736
10959,0.0,9683,1276,6418,169,17546
11877,0.0,10555,1322,6542,208,18627
10953,0.0,10085,868,4969,142,16064
8641,0.0,7781,860,5292,151,14084
8677,0.0,7686,991,5264,176,14117
8681,0.0,7854,827,4857,146,13684
8432,0.0,7608,824,4670,144,13246
8392,0.0,7575,817,4707,150,13249
9373,0.0,8087,1286,5500,182,15055
10097,0.0,9191,906,5379,147,15623
9199,0.0,8302,897,5436,146,14781
9057,0.0,8084,973,5050,155,14262
8863,0.0,8015,848,5153,321,14337
8972,0.0,8062,910,5003,266,14241
8860,0.0,7891,969,5006,202,14068
8710,0.0,7863,847,4974,144,13828
8718,0.0,7833,885,5022,151,13891
8948,0.0,8087,861,5220,136,14304
8650,0.0,7786,864,4998,144,13792
8635,0.0,7791,844,4978,148,13761
8504,0.0,7561,943,4997,178,13679
8383,0.0,7603,780,4934,157,13474
8694,0.0,7872,822,5576,175,14445
8362,0.0,7560,802,5251,193,13806
8377,0.0,7544,833,5074,217,13668
9615,0.0,8572,1043,5350,214,15179
8635,0.0,7550,1085,5969,239,14843
9241,0.0,8174,1067,6214,253,15708
8374,0.0,7297,1077,6288,263,14925
8590,0.0,7334,1256,6735,266,15591
8247,0.0,7219,1028,6299,234,14780
8382,0.0,7306,1076,6736,268,15386
8981,0.0,7806,1175,7799,271,17051
10069,0.0,8744,1325,8249,267,18585
9086,0.0,8132,954,7456,281,16823
9428,0.0,8552,876,7583,287,17298
9307,0.0,8268,1039,7810,287,17404
9006,0.0,8139,867,7287,246,16539
9195,0.0,8062,1133,7634,337,17166
9532,0.0,8479,1053,7819,432,17783
9578,0.0,8698,880,8020,433,18031
8680,0.0,7833,847,8135,343,17158
8775,0.0,7938,837,7236,313,16324
9071,0.0,8184,887,6959,305,16335
8928,0.0,7998,930,6731,258,15917
8773,0.0,7913,860,6407,243,15423
8751,0.0,7860,891,6286,301,15338
9173,0.0,8220,953,5960,416,15549
9003,0.0,8112,891,5687,267,14957
9045,0.0,8171,874,5485,231,14761
9065,0.0,8181,884,4832,279,14176
9115,0.0,8167,948,4646,217,13978
9016,0.0,8148,868,4543,168,13727
9108,0.0,8226,882,4414,182,13704
9128,0.0,8245,883,4322,177,13627
11836,0.0,10696,1140,5228,186,17250
10338,0.0,9390,948,4792,167,15297
8768,0.0,7807,961,4339,144,13251
8399,0.0,7545,854,4178,148,12725
9000,0.0,8113,887,4708,164,13872
9288,0.0,8416,872,4304,158,13750
8540,0.0,7711,829,4078,172,12790
8029,0.0,7218,811,4056,158,12243
8585,0.0,7534,1051,4181,165,12931
9064,0.0,8152,912,4418,188,13670
8612,0.0,7770,842,4030,165,12807
12003,0.0,10626,1377,5117,187,17307
9777,0.0,8844,933,3704,195,13676
9130,0.0,8196,934,3237,154,12521
9918,0.0,8955,963,3247,154,13319
9860,0.0,8844,1016,3116,158,13134
9132,0.0,8191,941,2957,156,12245
10501,0.0,9271,1230,3552,188,14241
12125,0.0,10821,1304,3517,170,15812
8550,0.0,7704,846,2689,133,11372
9439,0.0,8486,953,2955,146,12540
9567,0.0,8619,948,2959,154,12680
10729,0.0,9798,931,2900,140,13769
11187,0.0,9950,1237,3451,161,14799
8478,0.0,7658,820,2714,126,11318
8101,0.0,7259,842,2672,132,10905
8460,0.0,7655,805,2718,143,11321
8149,0.0,7265,884,2999,161,11309
9273,0.0,8419,854,2782,152,12207
8198,0.0,7355,843,2816,109,11123
8388,0.0,7541,847,2908,188,11484
8559,0.0,7656,903,3040,145,11744
11711,0.0,10357,1354,4119,252,16082
11931,0.0,10519,1412,4246,223,16400
11893,0.0,10527,1366,4204,227,16324
11960,0.0,10592,1368,4195,208,16363
11967,0.0,10589,1378,4145,185,16297
8863,0.0,7976,887,3037,166,12066
8712,0.0,7733,979,3485,173,12370
12154,0.0,10788,1366,4115,227,16496
10194,0.0,9150,1044,3148,164,13506
9671,0.0,8639,1032,3279,226,13176
9106,0.0,8191,915,3265,233,12604
9280,0.0,8300,980,3306,199,12785
11169,0.0,9792,1377,4524,229,15922
10236,0.0,9269,967,3486,210,13932
10107,0.0,8847,1260,4288,255,14650
9809,0.0,8819,990,3541,205,13555
9795,0.0,8732,1063,3560,224,13579
9785,0.0,8694,1091,3669,233,13687
9506,0.0,8325,1181,3789,245,13540
9275,0.0,8349,926,3755,223,13253
9121,0.0,8263,858,4369,241,13731
8933,0.0,8039,894,4127,211,13271
8745,0.0,7921,824,4597,270,13612
8736,0.0,7890,846,4722,215,13673
8996,0.0,8007,989,4754,232,13982
9849,0.0,8945,904,5375,244,15468
8594,0.0,7783,811,4969,220,13783
8906,0.0,8105,801,4737,212,13855
8969,0.0,7875,1094,5860,270,15099
11722,0.0,10527,1195,6222,289,18233
10683,0.0,9724,959,5718,242,16643
11785,0.0,10428,1357,6223,281,18289
10970,0.0,9629,1341,5273,275,16518
8549,0.0,7715,834,4366,224,13139
9854,0.0,8779,1075,4498,237,14589
11860,0.0,10561,1299,5667,273,17800
11793,0.0,10610,1183,5540,281,17614
11743,0.0,10370,1373,5100,162,17005
10486,0.0,9570,916,3959,226,14671
9041,0.0,8038,1003,4042,183,13266
9060,0.0,8046,1014,3724,216,13000
10445,0.0,9259,1186,3775,187,14407
9146,0.0,8206,940,3611,219,12976
8912,0.0,7966,946,3254,216,12382
8813,0.0,7860,953,3087,214,12114
8938,0.0,7964,974,3006,219,12163
8974,0.0,8082,892,2905,232,12111
8848,0.0,7959,889,2681,143,11672
8814,0.0,7971,843,2518,114,11446
14108,0.0,12741,1367,3821,173,18102
12569,0.0,11536,1033,2594,119,15282
8086,0.0,7271,815,2096,110,10292
10912,0.0,9825,1087,2767,172,13851
14139,0.0,13061,1078,2828,174,17141
7908,0.0,7142,766,1894,177,9979
8893,0.0,7933,960,2280,194,11367
11047,0.0,9801,1246,3192,235,14474
8449,0.0,7612,837,2077,147,10673
6951,0.0,6193,758,1990,207,9148
9152,0.0,7686,1466,2486,196,11834
10154,0.0,8976,1178,3181,161,13496
9236,0.0,8221,1015,2734,179,12149
9279,0.0,8241,1038,2810,188,12277
9025,0.0,8064,961,2445,173,11643
8335,0.0,7462,873,2731,192,11258
8790,0.0,7942,848,2514,165,11469
8279,0.0,7437,842,2560,147,10986
8249,0.0,7418,831,3003,148,11400
8350,0.0,7516,834,2523,168,11041
8900,0.0,7764,1136,2713,165,11778
9596,0.0,8467,1129,2728,159,12483
8506,0.0,7553,953,2626,150,11282
8917,0.0,8072,845,2650,152,11719
9097,0.0,7712,1385,2534,147,11778
8954,0.0,7691,1263,2821,219,11994
8873,0.0,7912,961,2435,237,11545
8948,0.0,7833,1115,2733,264,11945
8956,0.0,8025,931,2402,148,11506
8928,0.0,8020,908,2475,162,11565
8964,0.0,7974,990,2489,200,11653
9369,0.0,8148,1221,2565,210,12144
10543,0.0,9170,1373,3718,255,14516
8857,0.0,7960,897,3437,249,12543
9065,0.0,8185,880,3070,218,12353
9149,0.0,8154,995,3588,255,12992
9388,0.0,8399,989,3273,231,12892
9463,0.0,8509,954,3228,219,12910
10163,0.0,9167,996,3274,217,13654
8708,0.0,7844,864,3137,206,12051
8965,0.0,8051,914,3351,230,12546
8698,0.0,7828,870,3057,223,11978
9193,0.0,7875,1318,3724,461,13378
9395,0.0,8371,1024,3161,359,12915
10417,0.0,9388,1029,3754,441,14612
9364,0.0,7941,1423,4220,391,13975
8899,0.0,8027,872,3398,294,12591
11786,0.0,10393,1393,3310,252,15348
9144,0.0,8141,1003,3024,239,12407
9740,0.0,8710,1030,3176,223,13139
9631,0.0,8713,918,3294,219,13144
9292,0.0,8329,963,3117,228,12637
8718,0.0,7850,868,3052,218,11988
9477,0.0,8542,935,3236,236,12949
10614,0.0,9531,1083,3430,246,14290
9016,0.0,8083,933,3394,240,12650
9249,0.0,8252,997,3406,258,12913
9076,0.0,8170,906,3032,202,12310
9162,0.0,8283,879,3128,206,12496
9343,0.0,8361,982,3330,177,12850
12292,0.0,10991,1301,3945,192,16429
12095,0.0,10531,1564,4062,222,16379
11849,0.0,10507,1342,3867,240,15956
8848,0.0,7938,910,2911,230,11989
9548,0.0,8613,935,3090,298,12936
9351,0.0,8396,955,3203,317,12871
9553,0.0,8614,939,3375,177,13105
9189,0.0,8267,922,3541,206,12936
9461,0.0,8492,969,3173,177,12811
9390,0.0,8445,945,3277,165,12832
9474,0.0,8546,928,3121,162,12757
9412,0.0,8427,985,3056,165,12633
8330,0.0,7458,872,2995,186,11511
9390,0.0,8461,929,3140,160,12690
9750,0.0,8756,994,3261,177,13188
9465,0.0,8526,939,3129,162,12756
10013,0.0,9019,994,3265,289,13567
9697,0.0,8729,968,3470,162,13329
9804,0.0,8845,959,3081,169,13054
9906,0.0,8587,1319,3149,161,13216
9486,0.0,8611,875,3561,329,13376
10328,0.0,8978,1350,3776,139,14243
8647,0.0,7837,810,2840,147,11634
8544,0.0,7716,828,2842,262,11648
8157,0.0,7341,816,2863,254,11274
8014,0.0,7188,826,3190,234,11438
8160,0.0,7308,852,2808,184,11152
8683,0.0,7726,957,3039,204,11926
8303,0.0,7488,815,2891,219,11413
8775,0.0,7937,838,3239,153,12167
11552,0.0,10202,1350,3960,268,15780
8753,0.0,7857,896,3265,154,12172
8617,0.0,7700,917,3270,217,12104
8831,0.0,7964,867,3183,158,12172
8935,0.0,8056,879,3241,214,12390
9361,0.0,8225,1136,3243,224,12828
9026,0.0,8124,902,3156,196,12378
9311,0.0,8383,928,3250,239,12800
11846,0.0,10342,1504,3919,225,15990
10438,0.0,9252,1186,4426,219,15083
9552,0.0,8596,956,3425,226,13203
729